934211816756768829
1111779791155249243
1144519587501707355
1038030277076852736
619881471443861517
1025511251029282909
1062009166052466818
746674828295143425
808326991274049557
914691232725352488
531590381188415488
978078098513858560
1129047497231319131
1170412901954224221
1190361755860353145
1192207577178718280
931767986367373352
955789025149587537
776003148363202591
956248752123940946
1028897823028162571
951793480076767262
998106940917940225
1185655191417143439
380618524386918401
1131290078640099368
1181492932084240468
509757559050207233
1090219739650986044
998583299683405934
453839930980958221
767387571097436181
1096338788789276742
1033477893684203690
968471144791429180
760218802264342578
1186307543409098882
672359800918769704
919367731629932555
920139093063663667
920164300818087978
997565000375881880
724127921697980416
1003370692907118624
686622645193932834
809822608815554580
582169513894739998
398796369201987584
945658130686165014
1187262382221828160
1192213678087479469
1147964230545444994
1016782287087607888
1162411199342858394
1134380541072912424
1192207898047164537
700799323545403503
1123733052712038492
975525615128150087
812648862266949662
918571074541735968
914726528917569607
960628000200736878
1108078606116212807
934748257312178217
871061070586986526
887972301423923231
1182257091382100029
1047407874210529310
1165683340297379841
1147509761076633671
558222741665349643
1185972582680371210
1048155514254659584
908240693544251403
1080319889971101806
1192800260687400961
735423350049996881
908694561738588190
1187414163132256262
1083813238854135970
853883979538890754
1093443990126334073
1083060247251390555
896804751440744529
1172467619647979644
1076904709392187504
811607124982366209
767826978446901258
651457977110233094
856540540487860264
1091012576453861476
1170586078328135803
1052869802093461504
716296238852603987
1101481395420921936
1041347049704136714
880488532626518046
914902321513775114
1122269032796672050
682552187674558517
841293127401734185
670966377493954561
921515434505805844
983643663403978762
529289961552216064
895285149665730570
998610483827441715
1140728951094911188
1131058583065329744
842976064220692511
572019680903168000
1017852857816461324
904001731086647331
1164541826955493386
948913610892116018
711569413073141761
930883760805806132
689513615794896920
749240055469572156
626690230900097045
533625951733678080
1008224115192238190
519190356294762496
650311433434955777
359005882232864778
869250148046360596
708622796363661413
760892843521736804
1116060125740929115
1049715249005219880
1028880094539808899
1063705162859954196
922793509830926366
665230974094671882
959390355038535710
1181563468600574002
609822837641052171
829276783621832714
1161631270602805298
738108713025536001
696765975546036224
679943355329019918
956919165212585984
759283092002570262
688227726011793445
686129921361182741
688265403851735089
912393866550853672
864529519187722242
823951298562883594
866587444631568385
597728806588907566
723074271416680521
939792238123319327
805515050282385468
815136081720377364
322030733113688065
1074210301836271646
801229612989677588
909821740576813097
788376832600834059
1155932439529660416
956589202496168047
965782481116745758
600373642244784139
898858205168435220
962738166115233862
878294638417555456
1183011380572454914
944292623475159071
931864868464762941
1167519109706166376
1046790817899102289
1113232612669001758
850826256832135209
1127196879676002405
1004432412278788286
1182651849485066251
988910914164129944
1028012248381272155
669509141105999872
1170341860535963659
808321697664860191
1102152854371835918
645362360831311893
1016731064200339506
675011337189064705
1190658793097412718
665496523609604106
972888939583131728
814701375178539029
1151152026433110097
1042838882456174632
1192172626873958542
1063562279137845329
868092217804328980
927879022694789130
1037823061329723484
994167384539664434
733904364573425745
981898243296342056
452114956922388510
1034396603932495903
1185499706344865853
947717894169563188
862418144333529118
1089121006985154663
1093993821508997140
661409148726018077
567781643293687857
975685896890359849
832578076814344223
997244693203140702
706182019435986944
801529736685027338
764135539090653215
566844737605206026
1045616834797383741
852596957582458890
772071230798954516
1042476159780266086
1000687802549288960
998905160552173568
937023787910705162
809810143961284618
1039597506004275271
902888989382549546
932580498809688105
703148941335593002
940118515468349461
988046823090446406
1141400540568371220
1133507672910602301
772429521282531329
747915618430484551
785112159864225823
1028526792195199057
1070779487521873971
898506711554478120
536519350262169601
561591328274645012
1149301392922644530
1096100240320372749
688349846956015676
1170042843453214862
1067781579918819328
1075690633332801596
786177885386833930
954840072706994196
1037841627584135179
818412015936602113
1061598708514443274
1144794516554006609
756576525570015444
854105696341458944
979765617001398383
980833185980117063
1011161447633535038
1012683261203451984
1032605488937959434
1053861233591328789
1076217741108854854
1106552235925721180
1110904188940058714
1113886407665123328
1118935179919102062
1169376873747325104
1175399658793730132
1192204001886884010
1192205588424310787
1192205782096289822
1192206149093699686
1192206975270928394
1192206991540633611
1192207036822323251
1192207608795385947
1192207709358002259
1192207787632120050
1192208816813658194
1192213866671767683
1192215615059017789
1192216716189630597
1192217449844723752
1192217701679108181
1192217715990081548
1192217904922497146
1192218471514255491
1192218471858188290
1192218475268161598
1192219521847664652
1192237657896538185
1192238555259490384
1192238574645559376
635074369240039424
993923948381216778
893540262423457802
989885739166760991
1034153059040899092
580350948505813006
943838795168628738
822528010120986724
906552171837943828
1162999346384617532
668129488143515669
817033292473565224